128
303.4656153326731 7019.752916570864
7416.8812385559195 1470.2503816095414
6105.044252511106 7238.985856908594
2298.231178495756 1988.4074923694277
6866.964124848322 3266.2703091703142
5836.143004577599 7733.498885457939
6066.998025327267 913.0647028323566
4405.7787144033255 8402.489036653098
2875.308716949036 6269.2559631925915
6680.169294583386 8239.009571679931
5736.785816936225 5981.059466635623
3885.765258770781 1595.4546348653594
3066.1527595006332 27.887940344168037
8803.358150390512 8691.364529534696
2695.7916562680757 1247.6110885960213
4048.0274467256727 4481.747564384302
4216.205470628421 1954.3717056521573
5133.076871775446 1360.022915530097
3907.0497063972794 4930.681600810843
2212.3024033023603 2446.6342838023083
235.68367994744048 4421.947852724723
5554.886000111965 2146.038839014728
6090.719622501692 6801.465014256163
8907.86510021837 3783.1293275230046
2877.394336606142 1601.1347977319533
4126.010733540975 1564.2327214823097
7699.652098611544 8461.54376864004
6557.337130563454 864.6348206341698
8798.166331909606 3426.3001255266336
1825.9334076886125 6831.4409632858315
1616.1973180895627 8419.635856974939
5936.369746739194 5360.592400097345
3681.3280706935684 1542.7798288758622
7839.026207840679 1221.1582409475548
9389.54331813578 8769.493926561765
5997.242990689915 3149.8831083578802
4770.0158889219465 1839.6443431923892
1675.472602893121 2879.3346409775677
5935.7957414082675 2159.0246355401396
3378.668014268048 1670.6463010112905
2970.5043457525203 9228.444513909017
4882.162263094114 8876.802725298588
1619.652266914372 6142.817823743084
8120.454892271869 4851.02036113997
3014.178886099164 2934.563528171968
234.30212816523766 3437.1735132190765
666.831910130535 7685.572311235204
7538.003300036148 2477.541046917159
1474.5735284389775 6114.226532964249
7260.2475429083825 1211.7982812782668
3885.8486027587514 7850.454431491749
4367.15687820835 1185.616591666991
3722.8142508220035 1571.33558516806
9228.168867027454 3746.117815385172
5347.702310221683 6226.062074840058
445.44016143407976 250.4800749913323
1856.2607255793093 580.5833852855661
7119.389591626157 1985.223529609889
1041.208937897561 6562.879002626881
8589.792478884316 8386.52108383152
2576.8004068395453 3768.992886430869
6881.929229833475 8348.705573090923
4707.525931035844 4275.991820888154
7981.417343461417 5830.694524080821
2591.2906966951637 4430.918126641139
1294.7931987855375 8775.912665888562
3441.9430446591473 6658.0733880180005
8218.973370376492 2058.572171039003
8509.17791833808 6612.889748837504
5239.423115841163 6090.5911721691145
5959.53947407279 5988.078880537842
7480.809233704897 6805.511561503772
5644.904651139678 4590.929194641075
9394.767880406827 4015.330523169475
3242.237696421973 9498.563839446757
7251.106708515716 8693.001215537897
4873.019569246407 7955.452791196352
9116.745992842776 619.3551437337433
3164.319231598997 9222.7767962869
1096.4641904799544 5829.934727342732
5733.976480308817 2400.414320850686
2220.619883526443 2555.660010169255
8481.511865031678 5321.403803025286
6704.503270775436 8467.107145380676
3106.805041069891 5987.334791860383
8169.58072454796 7714.02832631466
2213.5853889363593 2420.6480535854407
2885.4228101367044 5749.209885874171
7207.651915218475 5939.388271520085
4347.187244238879 4198.7735881779
116.64055905685906 5590.991490910529
4070.255800003765 3730.4045055666143
6833.234345816458 1206.4043893042515
804.0344307454552 4626.56273168017
6948.708361857201 687.4028377570412
1522.8893213588235 7310.876548937541
9354.419225168467 4445.888671903312
615.0797624119198 794.7555197123419
3905.792741759327 6395.788347762911
7686.356057739235 9641.84792086571
7218.544546152295 964.2412579050562
7305.283355042684 3587.915330033491
6210.848098541039 3413.373671838439
2903.408664615566 879.5498117912248
9193.397857474196 8016.808215543828
9116.215569080756 5355.478780675253
1553.4060008339006 1848.6434793820108
3584.7224689087593 1945.677406591951
9462.449512489686 9325.79849608894
5031.164102834355 7580.562311472634
5195.167102534247 7329.950127816666
4470.235729237058 9326.487902564564
7722.887003637604 2889.868188182967
8075.533481383759 7098.986635130542
7649.754708657233 3420.9268300980298
2454.256820915455 6609.416561903985
3794.891360746432 2562.507696308358
2470.979529403481 8778.278143062822
2465.3831579820876 4255.51364051234
3864.5400573474317 9576.10459914302
4842.305878154785 7442.112504208506
2384.45233634701 452.30730399651554
4965.4804351510065 6531.368711041267
7828.474768431533 6777.338558043931
8824.258759196537 2265.183503640722
1612.7788976490833 7106.304274557924
654.082170163137 1018.0961729977773
4852.051310607436 1938.5943908826814
