14
9032.441789693352 9221.024957507327
4746.825194225814 3034.4006597869934
6731.32669535425 5369.469849540368
9223.179936701585 3514.50314669111
3201.0500340151257 7514.481886425241
4801.811817714391 6000.182646748692
4639.129625241881 7935.508281727216
935.1852849487179 2136.5451370222095
6142.25895918998 6102.762720186845
3012.697902488585 8450.972118536258
626.694063981991 5333.1472584033445
9027.215809504749 8788.741937842899
7837.778806225996 4406.2515258711
8827.84743271011 7081.947297490621
