16
1959.154612929247 3604.1648342239882
1495.6520512110483 6031.612738640514
2671.786399524716 1512.1953393887077
3061.736042098908 3934.4731781242863
3042.507692728845 5290.017821193217
3848.286328108945 5977.442040818452
3721.9733188542223 1819.9461826644422
994.3052563918151 4930.643183767511
2348.5207329116033 1531.234859285164
1735.4905251045154 4569.307656538168
5616.262358784364 5259.492278834435
1898.854586725619 567.7423780289541
2903.2846533000215 1366.4755579736363
5073.864820708979 3232.780600135336
558.397963150325 962.0720303500984
3676.775806508423 3362.431534397031
