48
561.4943490508759 1090.7614075183249
1957.1573322400138 621.5324773389684
424.8237983814717 481.6749291592231
2296.3955864672175 2320.6595122260114
755.531550301696 2182.06178844727
2092.8700852899387 1235.9288709068276
550.1359267724692 1795.5851594095554
2193.9791890316856 1112.9967977055994
695.2777363005536 1741.65583888095
1831.1910927875747 829.2307871699131
1442.5844410247314 960.8766805148136
1246.08591691602 314.0803738549159
1197.613409517362 902.2445755525692
540.3896695530641 1814.191259756467
89.84022681500561 1264.6793687528589
313.7161880947232 2265.1546117312664
2351.700986604197 90.91638042334104
1604.5099559120088 2234.6666129506107
657.8764324512257 242.5160307554071
2159.8575481687517 1893.3325002335623
604.2028226808786 1110.4548019424208
1905.6106688152354 1112.383848963966
1324.0767885618027 1156.0144909234946
2158.325475707888 2317.288355541022
1051.5541868922203 1489.1743413669324
228.92569607650285 533.0367389993332
2016.477218711297 188.20275773879277
314.6303251182093 423.38883683898507
953.906408961949 1767.0481140241811
1692.63987672842 1954.3608184569164
540.8888851226759 1954.0220616152446
329.30006493503424 1190.2595758285006
848.2826851134348 2158.2603252512586
1012.0773100401146 1813.3834716819267
2065.8206275605953 1370.1959891241474
162.08027186665294 1047.094104980383
1635.6114335328477 1190.7477073677417
54.66414775364455 565.6520503325365
2410.230330857339 1991.8856881943966
1591.3256122970652 1828.7464670812785
1454.098599960909 1274.8642501014317
524.7104196179322 2353.0661130480125
645.9582095896036 1442.7756504800168
669.4553330858083 7.875933945801883
2405.17356597714 2143.634503261887
2218.061261441356 2062.3831931866594
906.3130959206178 394.26180920817274
2157.9556305758406 1269.0234248056063
