64
1756.0168371953662 2105.392514561431
2104.4753122134616 2004.8884684990114
2163.3249389252105 801.1484524541955
1124.011386923683 1280.6397378281924
2322.816165824304 925.0393836576466
1621.163102438583 1616.7079923943206
507.1559693752378 641.361034232937
178.2832602845705 1186.1558628336893
1001.4144010303339 632.9705257554491
980.990563381351 1178.527702669192
1887.3126252147347 2060.174040628608
2087.0341590224607 174.8386354110744
843.3222632081487 1200.8493689890886
1226.0580956820795 707.5338094193951
2075.2097803928723 677.7607139510704
117.6793883037698 2003.1133098435773
2206.348915528562 1748.3055433192626
2341.4316384676554 1407.1854861214717
2155.988486356893 703.5741509377348
1689.9684668613484 1555.2090723333165
1662.0902941861484 906.2568344008073
1701.16467233988 1552.61725401626
1967.668127130787 216.5936484664326
1290.9474848664581 1535.5091801796243
1508.34097802723 1170.4339143479397
1393.0191726686608 905.7039368946596
118.36904281939057 1109.2313739537035
1169.6763062550494 2148.800637973023
453.6057907264241 145.83577427262347
1899.2416017111484 94.51235427451007
407.129925913349 2252.2904681124824
320.4457241764587 2025.106855080773
1185.1977441148533 95.86081199354602
2079.2848720715206 1758.258966036816
817.7165975758256 272.9239026469335
1066.9594689390487 1886.0284840978861
178.13412722042477 650.761109668114
2047.6232284644782 589.9570646673865
1205.8782461096446 934.0114363710396
528.978770697779 386.8528480284244
1423.4658457478786 300.9099168389255
280.11419785649446 216.6893100549216
2209.3599735763014 2351.687625899464
953.3778435271452 2163.002268326372
52.39275431313198 208.65762015781746
494.1927075954396 1119.1930403775275
2164.1669656851827 1818.7525934321
2022.091369423396 2379.7279868618243
1025.196003824694 262.02534258782185
625.9933811378343 2351.5091687745735
1565.6598896634948 1619.3273788411832
1908.8048096680564 669.9260468305304
1163.295130547971 1671.4875147495986
1772.9563699718994 56.44864949030967
829.1876155320905 1781.7722403636888
93.63124522724537 1056.5469853629272
1455.5031146086717 95.20401208802303
1510.3970806400384 1931.726280677011
2262.527405256197 790.6384420151121
606.0157727122607 336.25419685202405
472.296143935709 133.97038529430918
936.8909048653683 843.1193925529461
488.12139200024836 2148.052922590332
1532.2431250884206 412.6032492142765
