256
1962.8754135463637 1435.4986978718184
268.40501256881635 462.68898577858795
1602.181880813596 287.63434812789126
548.4571559589593 514.0281827522145
1650.1789148318492 1311.3186203172843
1495.5768730966013 1340.576036760452
455.6886024099323 1482.0533208929894
473.9118482362272 1045.0999598516166
1820.270189202401 2000.5756970443897
998.3870438031904 1312.7620041105845
974.8822389761087 673.2563070252081
805.7663310797191 186.13998336073297
2015.4646924301744 821.0466561816224
981.6083316214783 1893.348253522712
343.4340708219292 982.457962586361
1688.774758917591 1687.259427991785
1500.2678008759876 1937.5494814322183
1710.827889379144 1949.249785066121
628.1204955594974 289.3913462119998
1364.2128628842136 1702.9645339408657
1619.0063665068715 1984.8663036702412
520.8065161108077 874.5346259624474
1644.424295355446 71.68150774846985
1950.3880931287006 889.3591237522807
659.1438206921736 1627.0754894578129
1181.0592910882576 1966.6093707083178
116.54884577941654 1126.6998711638369
648.4558607739058 1773.4032288952885
1310.8122682902795 902.1720979249491
478.2099252393376 326.42621337899544
1634.0712781840753 111.96512358438356
1052.0100561318002 1272.1643116414539
464.9340039885712 221.61027465055483
827.8932934734852 694.7153847385309
991.4523763707981 916.8936920227377
820.680053760491 671.6291722407856
886.9354466588474 2041.9384270217279
1112.2358198179656 488.8181918635824
531.0826638164966 1642.7253535550658
1112.9225622096992 1287.8443946621337
737.0513507402952 673.1815130492455
893.6043747685572 624.5744764524252
601.5679708813652 137.13129873287713
1766.3313321309602 1264.3304830122781
717.2841351039057 270.5253830522457
1843.8032721156928 1715.7240444323797
904.1224552372661 1002.1305428098659
1950.1103923174455 423.98556998528255
1158.056413861675 1920.5531726291688
992.7971881765882 1070.5037147664384
875.483733690733 749.7099887235555
662.0352066026683 1955.3317330654131
1820.4854270619226 2002.4418560288134
108.89583149893392 1407.945599897951
1152.3770836092915 1151.3172934252918
63.33836853037678 123.16781581793273
1579.8869970292562 1458.9354349026892
679.152931865704 1573.2934808983323
222.60524051347156 1875.8236623330554
284.8055083032156 1604.090331228047
38.671869070649436 1759.9026358826356
976.6203295744165 150.9277670476523
1604.577752108948 852.5260374701784
854.4787631725396 16.773048442725333
890.8565055086665 604.2799325488426
493.3473074821585 186.02661521176896
1259.940099803006 144.84161970700453
1920.4579972487159 75.33317994411823
1546.781608219725 1544.0085350982067
1617.992760391308 934.4564795240237
58.171692106059126 711.2331094628612
177.07222695868674 572.8496992875903
869.5575438599309 1754.1748699239834
1758.2011430630055 1704.7873239514602
659.9126991288457 1903.112467650496
2036.5819093337639 1960.961552736658
1852.0265040436923 1313.8223344265748
785.6187841939487 1141.1700000625854
971.4323633169831 1697.3374617903653
500.1254428966909 731.7749469709021
1575.8723318253546 197.45386432682264
1467.14988189971 162.74491152522606
1730.229181846083 859.7551011097424
1174.5301535441556 1036.9430312926697
331.67303795976756 918.9474010482901
121.45519010728033 68.91957345015844
1280.3832968883141 1043.484593669833
1488.2422722383365 644.0598216418061
534.6064193411125 135.45464503412862
875.0971234038386 1764.724292510427
1533.6368774877392 1290.1336988906635
947.6149190519013 35.20952172957792
1381.7235310639521 166.64315803812158
1351.8257613823293 582.4223982323116
757.3320950279671 343.81773653764014
1549.2091218543983 406.1324092642899
217.1325999013126 2032.0027938653982
403.4544355935095 226.75872682826875
1241.0536302572677 1838.6776910810906
1329.8661482514108 242.18886474863547
829.4962089318233 1320.6947932638234
1029.0671417109543 215.56289296111117
201.86533628465946 1492.977336213691
816.9195157312965 666.7712349901615
928.1552796920985 3.5379110229420125
1585.9402505493795 1994.6624313327704
62.322170966488805 38.67331108150434
37.4847583006492 1712.8962053703801
939.565216353236 1099.0402071607377
1661.1064090440602 1577.4137610148755
2000.110927781063 499.56147948841345
325.3905658651251 1852.1292815092906
173.4731699809924 1768.312343602835
1140.8202817668182 276.0024720366039
907.2212531803904 433.34791725959747
337.2735815042489 907.6515131648282
1399.577411193017 1557.9306049869074
1012.2362394872704 301.46305526905826
1267.1576737646012 353.3234586095289
97.5155417213753 802.8117180813216
365.8680550042501 1411.74264831056
1596.4169266955837 1897.0053932306262
992.4805995496919 1340.0561827346733
389.0084999527901 565.0921741763144
1885.1438761713546 1493.2813107685515
1482.635542223255 1008.6279660325276
462.0904101017831 956.0274906407827
748.2285470173089 1696.4672749812198
1804.610680900493 1831.2442384919618
457.1648190729459 1165.2358048116655
391.6476379157321 1774.807434695679
1798.3564445986528 1935.3619718969562
1515.146405260266 992.9013344725298
1369.1839899359175 969.0907655732176
130.2010042218947 19.10986075414733
1159.5657894923288 1867.4460205805929
1164.43914936636 1082.1341281701075
847.47464098934 67.07699861548147
910.4677220155336 1462.3384098790889
1702.144983104995 670.7938063480493
89.42796312518317 1417.8282751411261
1366.865249640869 1588.4832600448517
263.8639995405366 1439.3339770019913
1892.9364762202563 1144.2164846790054
793.8016082253324 1739.1751980475485
1573.7263388029935 2009.1484399903552
1414.6504869802952 998.8004268539056
2017.2035685227 259.15570827690607
1189.230448059714 438.4328299124794
1128.5047726092253 635.6799974625648
274.66351775033337 1100.279671699282
1299.4087589113246 63.56470907193902
1000.2823819128337 799.6929306087148
1958.169072348544 866.2777659818557
832.280976314593 263.9794585032755
442.8670828876851 1898.3748103382952
976.2545311540575 1326.7227749742285
2043.2727192544214 814.7773040903198
851.1222777570149 919.6305227193478
64.52045379057606 1272.608267662537
283.46847604980127 539.8266237394124
779.6141849104466 1815.598562353279
1232.5982808158622 1009.6454044866579
1136.272131658931 1871.525813479937
813.2376438842393 2009.661761527298
1234.672525414058 937.5836386300779
51.924722012953154 620.1568370316667
1497.866957845539 214.32850523511118
1488.124288747349 446.0128424440968
1407.8933378440654 68.54287020070872
2.609919185279038 1578.3357036355312
159.18682437019268 1631.4943403310006
870.9269602671575 384.2573169292478
606.4667506872928 203.6463118243363
1679.9487907238552 140.22507263757097
1260.0223439959673 1952.7776994272438
1185.304331549918 868.7945024489328
1675.1900565939663 587.4579889666348
1581.5101054933155 1212.3393202588286
1375.1219192185335 183.08097471827907
615.400604632688 166.1444436891178
1809.3088424697044 1804.2631240446913
875.7820373315561 410.96765406063275
1689.884208095476 1855.6875763839842
451.68366206470915 2009.1702462420724
1736.3247241335064 913.7829459281693
275.6418010300434 202.42095419603592
260.6468656523259 565.7662743118536
363.85729443153735 414.99118209134343
1892.5511751196213 1777.0874316153997
537.7003092162065 25.98677669541971
1970.7865727702667 942.6572415865693
774.6914631523722 1541.8528642525803
72.75441558595844 1837.7281004729407
1336.178147952162 767.5359233115976
1547.1221953649808 1733.5731720054855
1682.679393533858 1054.0187910766688
648.6030828001292 835.4221964852159
1134.7552986201702 975.8209952397712
508.99212127008025 745.0947505497335
1854.2964616480633 2037.8755319021875
1010.1608691316528 999.0234393110791
155.41554214907097 200.3113726540321
1998.6090428894754 586.2927694944303
1192.2132309284514 1415.7947604257608
1222.8061753375514 485.8669922054599
1118.4056432549912 1892.0017038326557
1492.0217857117855 839.3819799483725
116.1674832735179 1041.2977109767553
724.9615266789976 1404.7160294011317
509.1247816521727 1863.9987567835026
1118.8287824269116 104.44709441163455
379.75991135676907 1765.3973103797068
216.260314412791 2010.9213786564878
1449.774728709902 244.6854675669628
1481.2760179139973 75.79587619683248
314.77596238689637 330.87097454785953
1522.8154042339884 1613.10253430738
1106.98184829947 1166.449333475511
1399.3593574366485 1463.8383594092568
352.72344054013377 1776.6714482917907
1154.7770904078188 1963.6388472289302
1184.2332414361133 198.48209691164917
1996.507882943886 1093.114329612844
264.3780407111243 1811.2263077128998
279.27174392604724 967.1658920433027
184.89016831879414 718.037243835602
1236.9851331138484 1431.2272248472223
1643.562217625203 31.754108912509118
686.6675997160169 1801.2685141320724
830.1818488976659 72.86127040243812
1854.9360300473093 1368.085262338045
1145.0897870935682 188.9607761764519
1353.2799721255192 1123.435898061785
1167.1102976277723 483.26647070602525
1008.8283609940811 399.87450737663414
138.14462121615622 473.3624028793253
865.973297511168 1572.1451098809289
897.1575458940894 785.7309859383219
701.0872670868933 174.45135732242179
1182.068551533467 1013.9785170741725
1947.3990938317384 1319.8079572129286
1173.5994090531644 1704.532662154012
1542.6536505448832 910.7456739054019
958.8935547297688 1620.7934020648663
456.3322079672814 1578.0013045846256
1987.986451678858 211.8585682944153
1218.563816095122 489.6244064186329
1355.0989896826018 630.9791846948718
1539.3911842663674 909.6087204575052
880.1445310605369 1350.4970614928518
350.5277073361432 1835.3544849128104
1453.0043809845133 195.23796847045477
323.0945587928511 655.4790119969101
595.1356100547052 180.37260979142332
1099.1403241510477 1959.8280569941926
