32
5094.154421923156 2325.1405748801762
1499.2659060286694 1301.1146987609015
6254.863161957988 666.182498083582
3333.7953622323976 2176.306000725635
4941.80458119174 3194.7565519981836
3554.855899455315 3806.780335050247
2020.758761935035 6426.052173552065
4069.956090925076 2896.8084172828903
3094.1046165023267 4733.356248312533
5037.407010489056 2575.3076508973486
5180.429562304853 4797.903097841075
780.76615332089 1038.6907927613468
3420.7246869681926 5624.9456296995195
78.41515475339176 2865.7564485404855
3157.054507802448 3380.057415745218
457.8481151134621 5249.62945618228
4040.1440295431976 3167.2427676024045
1320.1414277399667 1715.627673583866
385.5048365954515 2387.341008923404
1695.0967231282157 5919.175730597612
6465.8817739661645 5920.789596540509
684.5260206073656 3399.937220199565
5431.3331052425565 6438.568988829172
208.858078064961 3666.0922448880387
3196.1672531710506 688.0283493661602
3701.139106911212 3582.9062587771386
2510.041259570133 1971.373426966241
1298.2602572260262 4292.810175839965
4535.196311095673 4393.424204007902
4032.6039567339835 1662.151771314769
3263.74932238828 2493.86976355869
5819.484789700207 1235.3558699565951
