15
5119.535214747189 1422.3285443862633
3885.422913830579 3575.9365315446116
2187.739999394686 1780.5029484231013
11.873863808781508 4332.0514606519455
4805.985745865085 757.0456867240506
3238.0935935655643 97.0396798774257
1008.9059857626613 252.08022442732448
1353.300686342602 542.8677485396295
946.5293549982366 2903.072482195242
2634.677186111519 1381.4231584179538
3361.507156924258 5129.715083025328
4881.400399049852 1703.0270664259597
3896.9030807773524 1434.8907695576536
4163.761631857008 3190.502681712759
2254.3200598372982 3682.869925023148
