20
4248.744484336491 2919.667325741949
4402.8127181608925 3032.306040879012
2674.199647561485 7989.278231816719
3376.3057089052095 5983.087006434871
3540.545560189018 4853.309637990025
2162.961461536611 6733.280446958396
2972.100629896791 6321.439560929529
5688.77627673761 2325.2985331470313
1346.5576905793075 7327.661331918488
8057.112679850872 6045.492677935263
1582.860990698248 4320.488679014472
1701.6919582146654 98.42466040812748
7981.780959718674 4781.05074828981
8131.232023297444 5539.409592082591
1400.6623326656422 775.523969219727
1101.9084658601816 3520.8555427520337
3567.1953676109697 7236.202838691451
1593.2568760569875 7442.449970761422
114.40578236602214 6115.651069382253
1142.0818669522605 8243.487496354246
